82,0
70,7
70,6
70,5
70,3
70,1
70,0
47,4
4,3
4,2
4,1
4,0
3,6
3,5
3,4
3,3
3,2
3,1
3,0
2,2
1,2
0,416
0,408
0,243
1,1
1,3
1,0
47,5
47,1
47,3
0,311
2,1
47,0
2,6
2,3
2,0
0,9
0,310
0,305
0,308
0,304
0,303
0,302
0,307
0,12
0,306
0,10
0,8
0,0
0,354
0,300
0,326
0,299
0,369
0,298
0,375
0,297
0,370
0,296
0,330
0,295
0,347
0,294
0,293
0,392
0,292
0,317
0,291
0,425
0,290
0,368
0,289
0,433
0,288
0,386
0,287
0,351
0,286
0,337
0,285
0,431
0,284
0,313
0,283
0,282
0,420
0,281
0,424
0,280
0,329
0,279
0,278
0,314
0,277
0,429
0,276
0,400
0,275
0,274
0,423
0,273
0,419
0,272
0,350
0,271
0,427
0,270
0,325
0,269
0,328
0,268
0,366
0,267
0,339
0,266
0,403
0,265
0,264
0,417
0,263
0,315
0,262
0,414
0,261
0,309
0,260
0,390
0,259
0,388
0,258
0,336
0,257
0,256
0,312
0,255
0,393
0,254
0,413
0,253
0,401
0,252
0,442
0,251
0,432
0,250
0,409
0,249
0,418
0,248
0,440
0,247
0,363
0,246
0,404
0,245
0,327
0,244
0,324
0,242
0,362
0,241
0,399
0,240
0,301
0,239
0,321
0,238
0,384
0,237
0,415
0,236
0,426
0,235
0,396
0,234
0,348
0,233
0,382
0,232
0,340
0,231
0,402
0,230
0,361
0,229
0,357
0,228
0,387
0,227
0,394
0,226
0,378
0,225
0,342
0,224
0,319
0,223
0,389
0,222
0,323
0,221
0,353
0,220
0,219
0,316
0,218
0,398
0,217
0,446
0,216
0,381
0,215
0,383
0,214
0,364
0,213
0,333
0,212
0,411
0,211
0,379
0,210
0,360
0,209
0,445
0,208
0,410
0,207
0,406
0,206
0,345
0,205
0,385
0,204
0,352
0,203
0,377
0,202
0,359
0,201
0,395
0,200
0,346
0,199
0,198
0,405
0,197
0,320
0,196
0,195
